nle = 15
nte = 15

nss = 150
nps = 150
bz  = 0.032000
rle = 0.001400
rte = 0.000600
alf1 = 68.330000
alf2 = 22.000000

bets = 42.000000

wle1 = 19.000000
wle2 = 26.000000
wte1 = 5.000000
wte2 = 5.000000

rmean = 0.331100
nb = 80

M2 = 0.400000
